[[ 0.97952018 23.70248652  0.44155531]
 [ 0.84939898 22.97265374  0.26566532]
 [ 0.6920539  19.40736651  0.21183159]
 [ 0.52156411  2.35903971  0.48020315]
 [ 0.98342259 16.89741644  0.53085567]
 [ 0.99048239  8.20056219  0.78379271]
 [ 0.5390163   1.39123979  0.52549081]
 [ 0.947746   19.41067714  0.46018472]
 [ 0.94635544 27.12480416  0.32783845]
 [ 1.1256569  25.35071922  0.58995078]
 [ 1.19701986 30.57482472  0.60042284]
 [ 1.18443917 34.50118411  0.53493837]]
STD:
[[ 0.1400844  14.13502279  0.16873005]
 [ 0.12617327 11.03753294  0.18842147]
 [ 0.21015992 11.75206039  0.2430614 ]
 [ 0.19322225  3.04360711  0.1920488 ]
 [ 0.45829285  9.20014004  0.47178878]
 [ 1.12115148  5.8278276   1.11316146]
 [ 1.07023292  3.34013002  1.07478672]
 [ 0.52637647 17.34752307  0.50954026]
 [ 1.07067646 17.10532822  1.08230287]
 [ 1.88137928 22.65397566  1.89470091]
 [ 0.95397829 36.85293337  0.8911849 ]
 [ 0.78743219 39.53782666  0.73505196]]
